[General]
CamNum=4
P0="616.521481514956577,0.000000000000000,369.527904159018703,0.000000000000000;0.000000000000000,618.845978036162478,236.908530152890506,0.000000000000000;0.000000000000000,0.000000000000000,1.000000000000000,0.000000000000000"
R0="1.000000000000000,0.000000000000000,0.000000000000000;0.000000000000000,1.000000000000000,0.000000000000000;0.000000000000000,0.000000000000000,1.000000000000000"
T0="0.000000000000000;0.000000000000000;0.000000000000000"
P1="585.095007734666297,254.197421585499285,385.396454525189085,156841.231857249833411;-242.978811979451962,560.679993499642933,273.482930971529527,12102.264736559942321;0.062504750902828,-0.009342776901935,0.998000936189108,-48.563715509404439"
R1="0.906598058672150,-0.417340527778532,0.062504750902828;0.418671345221158,0.908089762749513,-0.009342776901935;-0.052860804974896,0.034639091545102,0.998000936189108"
T1="287.398447687813700;39.296935981647067;-48.563715509404439"
P2="584.335832356218930,424.757356514220533,250.445588739548100,422137.150291532278061;-369.394616767815648,525.491925647765015,277.857279230964764,-35434.694286531186663;0.198547696137099,0.018103432807144,0.979924016482527,-40.847031888679510"
R2="0.763235683702271,-0.614857791267360,0.198547696137099;0.624384525493414,0.780907312070364,0.018103432807144;-0.166178384418343,0.110152923124455,0.979924016482527"
T2="652.969533899543649;-40.294034242601690;-40.847031888679510"
P3="367.806790948267917,664.348195612767540,-17.918997908745212,704720.430016741855070;-510.996261909158875,413.142827982921347,288.109113503870162,-184525.686461520759622;0.323017457061390,0.362447322207888,0.874237760027514,276.043475589186244"
R3="0.379046457098720,-0.867169825232925,0.323017457061390;0.796881937160858,0.483333339271243,0.362447322207888;-0.470428487219542,0.120022403552037,0.874237760027514"
T3="900.372778177808982;-368.808867927130905;276.043475589186244"
RGND="-0.540418870734962,0.071421090261310,-0.838359393112187;0.732246453542569,-0.450865407109083,-0.510426797833627;-0.414442487479117,-0.889729966078611,0.191358334111362"
TGND="-190.531395823020205;93.102672230170128;2099.536844627163191"
