[General]
CamNum=4
P0="546.129829581143667,0.000000000000000,384.225048432344522,0.000000000000000;0.000000000000000,544.918415680666271,227.543904323102709,0.000000000000000;0.000000000000000,0.000000000000000,1.000000000000000,0.000000000000000"
R0="1.000000000000000,0.000000000000000,0.000000000000000;0.000000000000000,1.000000000000000,0.000000000000000;0.000000000000000,0.000000000000000,1.000000000000000"
T0="0.000000000000000,0.000000000000000,0.000000000000000"
P1="552.354140653374316,407.972725731835226,122.822081248948976,334353.120540456089657;-222.546588342718252,442.239535627500970,316.872796994022508,-114793.329626696984633;0.496065076257327,0.136428632606185,0.857500243920093,220.924223715868266"
R1="0.617165642693809,0.639269087301639,-0.458739145374435;-0.610758552618095,0.756784158281433,0.232920003817005;0.496065076257327,0.136428632606185,0.857500243920093"
T1="-436.880337267138145,300.807964606367193,-220.924223715868266"
P2="261.092154127968286,610.276506956575872,-21.087589694401402,400773.956811374868266;-279.776448874980645,273.008146191998378,435.407009876275026,-234827.497308766149217;0.632755971238518,0.379743927238443,0.674844004631829,398.213507261397126"
R2="0.034860291936431,0.856642857038256,-0.514730779661991;-0.773566183922298,0.349224233424399,0.528807898845162;0.632755971238518,0.379743927238443,0.674844004631829"
T2="-457.613377556347757,595.231732873919896,-398.213507261397126"
P3="-40.950854051116316,620.875576374660568,-189.263487810245465,524340.027367348200642;-373.839572830023144,236.480615597790404,401.658390911721028,-351981.238581172190607;0.390720712494049,0.754623668897878,0.527143664637307,477.607978134293660"
R3="-0.327201366260377,0.649121928191869,-0.686716818097396;-0.860393276790030,0.095832357163832,0.500539277754442;0.390720712494049,0.754623668897878,0.527143664637307"
T3="-651.288781734507779,859.205927780187039,-477.607978134293660"
