[General]
CamNum=4
P0="662.086398985313053,0.000000000000000,380.499848795372372,0.000000000000000;0.000000000000000,661.801570519944676,216.947667343408312,0.000000000000000;0.000000000000000,0.000000000000000,1.000000000000000,0.000000000000000"
R0="1.000000000000000,0.000000000000000,0.000000000000000;0.000000000000000,1.000000000000000,0.000000000000000;0.000000000000000,0.000000000000000,1.000000000000000"
T0="0.000000000000000;0.000000000000000;0.000000000000000"
P1="622.639328902876173,282.249709960609493,388.331989096796974,214644.801864551642211;-269.615120193087364,588.018260584373479,241.628417525579380,-27098.922587107059371;0.078110557662707,-0.012194438491732,0.996870120151814,-9.908803963566184"
R1="0.896712886567941,-0.435665858020355,0.078110557662707;0.437827708502383,0.898976191752275,-0.012194438491732;-0.064906831154690,0.045133876611302,0.996870120151814"
T1="333.376659881187493;-38.040450133654637;-9.908803963566184"
P2="534.504069578402891,511.506823955782693,210.951490288483171,484840.085436379536986;-418.455932848284647,465.431689442023469,292.919248312743264,-141227.632784777961206;0.280719183808484,0.071426229893111,0.957128535529662,85.640420779349412"
R2="0.640723810832896,-0.714611599453626,0.280719183808484;0.728539469816517,0.681269795751085,0.071426229893111;-0.242287513403476,0.158750519128618,0.957128535529662"
T2="680.063222980458022;-238.485233504410019;85.640420779349412"
P3="256.886436387246192,704.235090390377422,1.824722796831215,616139.048828821745701;-527.752275237237882,307.520827344047575,332.165128441396917,-358948.144976556766778;0.335980655826548,0.386142427148157,0.859075680523254,268.291248791832402"
R3="0.206798370103642,-0.918885973901463,0.335980655826548;0.859597235921326,0.334644016758922,0.386142427148157;-0.467254776453802,0.208954418509432,0.859075680523254"
T3="790.117651612157374;-638.700363164368127;268.291248791832402"
RGND="-0.576310838858814,0.681270944669304,-0.451370930569575;0.801267991134885,0.579678670524250,-0.148129150817466;0.160734014435388,-0.447037513961225,-0.879955702132132"
TGND="-277.575353492711486;113.111672619955471;2157.009995624927797"
