[General]
CamNum=4
P0="670.536785863251794,0.000000000000000,388.404128277201494,0.000000000000000;0.000000000000000,670.413327139053308,205.160077733628611,0.000000000000000;0.000000000000000,0.000000000000000,1.000000000000000,0.000000000000000"
R0="1.000000000000000,0.000000000000000,0.000000000000000;0.000000000000000,1.000000000000000,0.000000000000000;0.000000000000000,0.000000000000000,1.000000000000000"
T0="0.000000000000000,0.000000000000000,0.000000000000000"
P1="392.468034339484234,677.277701036526878,151.562786462433138,364601.908628043252975;-482.840463869098357,320.693362868857605,382.484985814105812,-315796.739435354247689;0.422105219125540,0.196881424159400,0.884909537075936,192.600107872395057"
R1="0.313176483812542,0.884365798672901,-0.346146824518810;-0.850733609288944,0.423243238526748,0.311636787089711;0.422105219125540,0.196881424159400,0.884909537075936"
T1="-420.044325856287514,531.611527567756980,-192.600107872395057"
P2="96.689552344159551,765.132754648581454,70.480782826958460,441088.284145046432968;-507.074964581393829,116.238050442865912,454.076432241016562,-460481.076702187128831;0.448629196304047,0.379455159557597,0.809163534836255,275.781980316417446"
R2="-0.117566803061938,0.922579361991205,-0.367457980789229;-0.885951404446869,0.069721608651984,0.458507367711359;0.448629196304047,0.379455159557597,0.809163534836255"
T2="-498.525333270031126,768.146094191217230,-275.781980316417446"
P3="63.140776979264537,747.382555248790936,-48.004650736211993,780768.962897999677807;-509.593650463657866,173.035571482937797,440.419174301385397,-425081.372311889252160;0.409017869153939,0.486329501608158,0.772132112127408,302.016981076750028"
R3="-0.121894174159121,0.867682943033588,-0.481942030408883;-0.904348490914226,0.103004496184056,0.414178561428560;0.409017869153939,0.486329501608158,0.772132112127408"
T3="-1015.752057937979998,741.584376641105109,-302.016981076750028"
RGND="-0.322915,0.860792,-0.393399;0.94238,0.254038,-0.217678;-0.0874373,-0.441023,-0.893226"
TGND="57.3153,111.788,2202.1"
