[General]
CamNum=4
P0="680.211871822774810,0.000000000000000,298.789788370930694,0.000000000000000;0.000000000000000,676.509510170094927,215.609984523386260,0.000000000000000;0.000000000000000,0.000000000000000,1.000000000000000,0.000000000000000"
R0="1.000000000000000,0.000000000000000,0.000000000000000;0.000000000000000,1.000000000000000,0.000000000000000;0.000000000000000,0.000000000000000,1.000000000000000"
T0="0.000000000000000;0.000000000000000;0.000000000000000"
P1="687.683422323328728,254.881812541025681,256.217476426660994,161577.187196321610827;-205.463399549434939,641.504014185670599,218.636703348423850,-1823.695744477980043;0.156775937344619,0.042270424652382,0.986729201285451,-34.849544538829505"
R1="0.922504252144028,-0.352714063011251,0.156775937344619;0.350535549619747,0.935595019040017,0.042270424652382;-0.161588159309308,0.015960892882491,0.986729201285451"
T1="255.769680877315238;8.159489051371652;-34.849544538829505"
P2="484.299291235310307,633.637244070121596,91.539483080048910,464481.052029914630111;-488.224930526916523,458.842852396064984,270.688913393879943,-159657.249137306615012;0.326243901759067,0.243549920676056,0.913371968424534,72.106164652796309"
R2="0.508543108481247,-0.796836760811931,0.326243901759067;0.769279548457488,0.590671154250595,0.243549920676056;-0.386772391906757,0.127117127701262,0.913371968424534"
T2="624.252511623808914;-250.633718439903845;72.106164652796309"
P3="558.595070858006352,556.662291462758390,-0.979953654923122,749932.458563230116852;-366.386527243293301,526.498284754293877,254.376520216148833,-37975.054871118736628;0.458077870171477,0.308405462934583,0.833697028476934,295.836470607193235"
R3="0.547543605979231,-0.700257570048639,0.458077870171477;0.640941258285511,0.702908510305211,0.308405462934583;-0.537950093390313,0.124735567221558,0.833697028476934"
T3="940.462982482708185;-150.520799496630133;295.836470607193235"
RGND="0.240740771839628,-0.276182928347040,0.930465942882228;-0.160582638945154,0.934115062705472,0.318813841757478;-0.957213192994888,-0.226168166894471,0.180529397717169"
TGND="-46.306782932663140;488.693244471805087;2824.180626766223668"
I0="680.211871822774810,0.000000000000000,298.789788370930694;0.000000000000000,676.509510170094927,215.609984523386260;0.000000000000000,0.000000000000000,1.000000000000000"
K0="0.072825983066650,-0.345187549370544,0.002500552129366,-0.028126125946049,18.512355454115347"
I1="682.334307070713294,0.000000000000000,371.403441453226549;0.000000000000000,676.147427823800058,210.640149708135453;0.000000000000000,0.000000000000000,1.000000000000000"
K1="0.173105974814552,-4.795246038786659,0.003216528830350,-0.033819599683799,72.580772920863737"
I2="698.326295179401200,0.000000000000000,395.931588771819406;0.000000000000000,694.470006604323089,199.710399689952368;0.000000000000000,0.000000000000000,1.000000000000000"
K2="0.037297620417611,2.098679936457358,-0.001774591044415,0.005271042314540,-22.292544620376866"
I3="663.170155070236888,0.000000000000000,426.740747593563754;0.000000000000000,658.374863817845153,206.614336203286484;0.000000000000000,0.000000000000000,1.000000000000000"
K3="0.016110366777378,0.913469819659710,0.009188054269306,0.020166659734196,-6.758535490164209"
