[General]
CamNum=4
P0="703.364998499815442,0.000000000000000,346.037698648177809,0.000000000000000;0.000000000000000,694.105205873696150,217.811564813638057,0.000000000000000;0.000000000000000,0.000000000000000,1.000000000000000,0.000000000000000"
R0="1.000000000000000,0.000000000000000,0.000000000000000;0.000000000000000,1.000000000000000,0.000000000000000;0.000000000000000,0.000000000000000,1.000000000000000"
T0="0.000000000000000;0.000000000000000;0.000000000000000"
P1="666.677303847769281,256.934953396946867,305.919299273982233,140854.369715949753299;-200.949692934725505,642.844627063886492,206.652662425953650,-13162.816081086930353;0.122629342239153,0.082586815514827,0.989010344902981,-84.144221720672519"
R1="0.930500363141177,-0.345153760831503,0.122629342239153;0.337004798590420,0.937873756765883,0.082586815514827;-0.143515991865603,-0.035520385044638,0.989010344902981"
T1="263.906800534038325;9.667950861931375;-84.144221720672519"
P2="419.599049188225877,565.704577653348451,99.883392273439313,363326.003339443064760;-399.631813087032242,422.993749265856025,277.229296927626820,-181893.969702280068304;0.322141244951731,0.306870518814845,0.895575514952959,-69.229426677569734"
R2="0.494194380506144,-0.807463270110225,0.322141244951731;0.752367332951969,0.582901261783716,0.306870518814845;-0.435563210777597,0.090714863356859,0.895575514952959"
T2="663.122671447355856;-276.971332193714659;-69.229426677569734"
P3="529.698161498972695,537.930567435888634,-21.316137834889560,681972.017431972664781;-343.571317676132253,524.496727709379911,237.179117839497678,-57656.317524404432334;0.469048920143150,0.366908011485563,0.803350248409904,217.589949166962214"
R3="0.528503058599314,-0.707585773997552,0.469048920143150;0.612165650851915,0.700451088245826,0.366908011485563;-0.588164715847714,0.093223631186107,0.803350248409904"
T3="946.772555435466984;-167.441837912232160;217.589949166962214"
RGND="-0.486810183426453,0.746831996386307,-0.453053875919791;0.873451455561491,0.410296323289855,-0.262182153992867;-0.009919681941246,-0.523353509846327,-0.852057922703448"
TGND="-182.286065598600857;188.078537784212358;2236.699404577118003"
