[General]
CamNum=4
P0="657.892120425481949,0.000000000000000,372.410666921506845,0.000000000000000;0.000000000000000,658.639028256216761,208.177928164477152,0.000000000000000;0.000000000000000,0.000000000000000,1.000000000000000,0.000000000000000"
R0="1.000000000000000,0.000000000000000,0.000000000000000;0.000000000000000,1.000000000000000,0.000000000000000;0.000000000000000,0.000000000000000,1.000000000000000"
T0="0.000000000000000;0.000000000000000;0.000000000000000"
P1="625.652364630333750,282.333656323197488,375.765598634300090,215356.188850196660496;-269.340375114552558,588.101661447318065,238.252794107327418,-26857.454747934982151;0.082289850353858,-0.014992146111709,0.996495667870014,-10.913768875335219"
R1="0.896490437475943,-0.435354196078240,0.082289850353858;0.437899863182593,0.898898740337103,-0.014992146111709;-0.067443349107661,0.049475029837660,0.996495667870014"
T1="333.683899997236438;-37.410412233405459;-10.913768875335219"
P2="530.359125439977220,504.825633776212385,202.721320523192730,478563.686697234981693;-410.275580312769478,459.208244102494973,298.225255005734596,-140270.900117826880887;0.289228899825639,0.065900966765437,0.954988851288344,82.014407266371279"
R2="0.639118819606896,-0.712652634829857,0.289228899825639;0.729411107155225,0.680893897268855,0.065900966765437;-0.243898690408286,0.168848223953027,0.954988851288344"
T2="680.168201109457982;-238.596243411867960;82.014407266371279"
P3="245.522754442701057,704.755585750713408,-53.732047806143271,624650.085553818265907;-518.834387396425882,317.145063219296503,333.506757595764270,-353187.876206538465340;0.370920518188887,0.438440323437846,0.818650140151582,334.383238721574855"
R3="0.172393199261819,-0.912523179998603,0.370920518188887;0.833704248061188,0.335719093214022,0.438440323437846;-0.524612058203968,0.233653881664295,0.818650140151582"
T3="768.280804605034405;-648.523188764921429;334.383238721574855"
RGND="0.240740771839628,-0.276182928347040,0.930465942882228;-0.160582638945154,0.934115062705472,0.318813841757478;-0.957213192994888,-0.226168166894471,0.180529397717169"
TGND="-46.306782932663140;488.693244471805087;2824.180626766223668"
