[General]
CamNum=4
P0="656.896327640843765,0.000000000000000,384.173006958864335,0.000000000000000;0.000000000000000,655.671489856582184,217.296869401423947,0.000000000000000;0.000000000000000,0.000000000000000,1.000000000000000,0.000000000000000"
R0="1.000000000000000,0.000000000000000,0.000000000000000;0.000000000000000,1.000000000000000,0.000000000000000;0.000000000000000,0.000000000000000,1.000000000000000"
T0="0.000000000000000,0.000000000000000,0.000000000000000"
P1="671.419955976718711,288.618361258075083,286.686818609664385,219796.865486383379903;-232.688328058463583,578.124127057321402,276.830688128280087,3560.341409501202179;0.243797089752450,-0.011233032244255,0.969761206697213,-37.081450936018278"
R1="0.866916452107292,0.450783623099164,-0.212720450853455;-0.434762974612538,0.892562571550135,0.119637835879238;0.243797089752450,-0.011233032244255,0.969761206697213"
T1="-362.501768424805846,-17.178065270187766,37.081450936018278"
P2="586.036906045123601,456.404636206380417,166.463926028815621,586164.391596787492745;-342.801852419139550,481.395336001661974,338.074579228626249,-192849.524776514823316;0.382937980851175,0.024741350833102,0.923442671951312,135.248196076648725"
R2="0.667992307319524,0.683066407288413,-0.295307569486526;-0.638078976446932,0.729937085503301,0.245045038765085;0.382937980851175,0.024741350833102,0.923442671951312"
T2="-815.660805113909191,335.284558032890118,-135.248196076648725"
P3="501.369280840619354,548.387253862187777,38.609904350606747,836078.341188599006273;-392.113262591172600,480.612156739903753,315.275085638815028,-227348.498917794524459;0.394600893543027,0.209332844688527,0.894689831701274,159.362314796494331"
R3="0.553697280149951,0.722887970464419,-0.413342840886811;-0.733286749348160,0.658492780744362,0.169345212326676;0.394600893543027,0.209332844688527,0.894689831701274"
T3="-1186.424913163808924,401.087707870852512,-159.362314796494331"
RGND="-0.439214,0.839085,-0.320978;0.884167,0.340426,-0.319936;-0.159185,-0.424319,-0.891411"
TGND="-209.521,111.042,2178.16"
