[General]
CamNum=4
P0="542.012028343860152,0.000000000000000,376.497922081679860,0.000000000000000;0.000000000000000,541.908353887912540,225.185253713678975,0.000000000000000;0.000000000000000,0.000000000000000,1.000000000000000,0.000000000000000"
R0="1.000000000000000,0.000000000000000,0.000000000000000;0.000000000000000,1.000000000000000,0.000000000000000;0.000000000000000,0.000000000000000,1.000000000000000"
T0="0.000000000000000,0.000000000000000,0.000000000000000"
P1="352.511725976932837,575.913965475116129,190.082358469291165,289162.370368113392033;-382.202330671915320,291.771355136682473,338.822783672382059,-244403.040686909749638;0.386052412015312,0.231388031797063,0.892985505995613,187.693977004574748"
R1="0.334516797923148,0.867024819583450,-0.369278315276607;-0.859687179783672,0.441279436374920,0.257313839402838;0.386052412015312,0.231388031797063,0.892985505995613"
T1="-377.926208709140894,525.553908882730639,-187.693977004574748"
P2="104.223344145968355,649.921076111508910,94.227110430991743,343635.690495533694047;-404.831419690235748,139.189381656808479,399.316629303706804,-345127.419655161967967;0.398980109905184,0.409471708781156,0.820455843789224,244.947021418211989"
R2="-0.091105315179347,0.908031380036391,-0.408875084121396;-0.912422431468078,0.088385137761091,0.399591508889808;0.398980109905184,0.409471708781156,0.820455843789224"
T2="-459.905809784019823,738.622184701177730,-244.947021418211989"
P3="26.951478937595425,648.272641905124601,-12.794647730163174,593993.440770979737863;-398.237101248587805,157.733342278667948,414.091849834424067,-354518.525789754465222;0.380786584209269,0.544737702517538,0.747169601055979,325.818473125580738"
R3="-0.198134624399839,0.837345428160235,-0.509504960283105;-0.903185610990439,0.045972485195679,0.426781305477127;0.380786584209269,0.544737702517538,0.747169601055979"
T3="-879.961633329304391,798.132782247141790,-325.818473125580738"
RGND="-0.154972,0.864308,-0.478493;0.985023,0.0981261,-0.141777;-0.0755867,-0.493298,-0.86657"
TGND="84.8967,222.535,2128.23"
