[General]
CamNum=4
P0="660.043362894242136,0.000000000000000,377.719198852781233,0.000000000000000;0.000000000000000,659.003922891383013,212.938168387561490,0.000000000000000;0.000000000000000,0.000000000000000,1.000000000000000,0.000000000000000"
R0="1.000000000000000,0.000000000000000,0.000000000000000;0.000000000000000,1.000000000000000,0.000000000000000;0.000000000000000,0.000000000000000,1.000000000000000"
T0="0.000000000000000,0.000000000000000,0.000000000000000"
P1="673.052470576009227,301.323874884921452,272.215684622617687,224102.054882839816855;-239.230651684244975,580.306236951916617,277.573404483446552,-25158.970435563060164;0.252384178145197,-0.002567211282957,0.967623705811408,-7.641466424327999"
R1="0.859092643992540,0.460755958013749,-0.222853710296105;-0.445266275008428,0.887523158335072,0.118492986117566;0.252384178145197,-0.002567211282957,0.967623705811408"
T1="-346.452611157393790,36.029400711903527,7.641466424327999"
P2="589.711986971072065,461.475889723895421,151.541744725710885,590192.201620773645118;-339.298229465451016,487.065593816798525,339.829215487779720,-191943.792957385856425;0.396972099734387,0.037390989951460,0.917068735647946,141.777276847758827"
R2="0.661984496399497,0.680436755316753,-0.314296593269341;-0.635759135647437,0.731852263701124,0.245362151841649;0.396972099734387,0.037390989951460,0.917068735647946"
T2="-814.385033720014690,335.005583694227994,-141.777276847758827"
P3="488.908112343908897,563.319192755688164,18.362979922249355,836909.536177482339554;-393.848136349338631,471.402096592070734,324.343919392883436,-239661.795845630782424;0.421847875849242,0.226798153033963,0.877842222396408,189.098958927381801"
R3="0.517869755331823,0.734456842624740,-0.438616076807789;-0.744214543094960,0.639637197247066,0.192377154942780;0.421847875849242,0.226798153033963,0.877842222396408"
T3="-1169.731971494126810,429.663792033033587,-189.098958927381801"
RGND="-0.457873,0.805088,-0.377075;0.886332,0.38045,-0.263958;-0.0690511,-0.455073,-0.887773"
TGND="-115.563,-10.7946,2217.6"
