[General]
CamNum=4
P0="661.656212017634857,0.000000000000000,364.668094742520168,0.000000000000000;0.000000000000000,661.216944464978042,191.736710925954981,0.000000000000000;0.000000000000000,0.000000000000000,1.000000000000000,0.000000000000000"
R0="1.000000000000000,0.000000000000000,0.000000000000000;0.000000000000000,1.000000000000000,0.000000000000000;0.000000000000000,0.000000000000000,1.000000000000000"
T0="0.000000000000000;0.000000000000000;0.000000000000000"
P1="656.719197099846724,296.005355506628462,256.554869212213475,193800.806196963560069;-232.495403237711400,580.727180193161644,261.665823862286004,-7639.132545145976110;0.241105502445838,0.019337731355530,0.970306234565336,-66.319896973096590"
R1="0.865739174495363,-0.438592998615376,0.241105502445838;0.447549984227729,0.894049810560788,0.019337731355530;-0.224041722368505,0.091165332236504,0.970306234565336"
T1="343.706557855038625;9.652914617827511;-66.319896973096590"
P2="596.717578232495612,473.277858572931450,114.215168289559585,591395.095221040886827;-335.017764124969005,505.871680739160354,330.812920010287371,-192466.803159392176894;0.425582438239046,0.079589278449040,0.901412854921911,161.242977819001425"
R2="0.648334313595017,-0.631301992771912,0.425582438239046;0.668112247261710,0.739791573225100,0.079589278449040;-0.365087171609996,0.232736378994226,0.901412854921911"
T2="797.990868300138573;-338.074154312423616;161.242977819001425"
P3="506.896224535170518,570.035733287690618,-36.163713855448918,868490.031525588245131;-380.392322145370372,508.001556045062500,304.594289798523448,-217460.502803768467857;0.459875266510677,0.296427196939584,0.837045790961447,237.911824839959792"
R3="0.503578210069919,-0.731384799947682,0.459875266510677;0.689340342390125,0.661014984147868,0.296427196939584;-0.520786788135261,0.167736296422341,0.837045790961447"
T3="1169.385123997995152;-409.450070700079777;237.911824839959792"
RGND="-0.499430485736669,0.783216906744162,-0.370324812707630;0.861785182281706,0.405281981797647,-0.305078374897106;-0.088856567098457,-0.471505877185298,-0.877374901774150"
TGND="-186.707635266929771;170.740838140461477;2110.777795920426797"
