[General]
CamNum=4
P0="648.429506549888629,0.000000000000000,332.158263693007825,0.000000000000000;0.000000000000000,649.059216094481144,239.692094998715021,0.000000000000000;0.000000000000000,0.000000000000000,1.000000000000000,0.000000000000000"
R0="1.000000000000000,0.000000000000000,0.000000000000000;0.000000000000000,1.000000000000000,0.000000000000000;0.000000000000000,0.000000000000000,1.000000000000000"
T0="0.000000000000000;0.000000000000000;0.000000000000000"
P1="672.147996908551704,274.210736377510216,286.222517957529135,157485.272172594122821;-206.997273401817836,622.663704561900886,230.579447315455866,146.046459792824294;0.184205826575970,0.068514586328710,0.980496794954308,-0.829039530487980"
R1="0.906370964226138,-0.380210321615871,0.184205826575970;0.374048004827495,0.924875041043262,0.068514586328710;-0.196417324318276,0.006802190234033,0.980496794954308"
T1="240.763789151410521;0.513953864274372;-0.829039530487980"
P2="436.706349448535093,623.232679618112343,93.536977336884377,427922.791436700150371;-464.584714530636916,425.701977951324523,305.401785823599084,-139798.453778021590551;0.331852417454313,0.258273258969241,0.907286557120260,99.455880281448316"
R2="0.465420873373726,-0.820522628364244,0.331852417454313;0.791750964656436,0.553556983215830,0.258273258969241;-0.395618276364530,0.142538705884480,0.907286557120260"
T2="589.760152433271969;-246.762177724333696;99.455880281448316"
P3="514.954328159456736,578.483237068343783,-38.208055070785917,716195.175107918097638;-385.980535760444411,508.892779894500279,272.423465893167304,-36616.025983926534536;0.470201064954495,0.333758647188656,0.817016599551354,319.836016226759398"
R3="0.491029375125783,-0.733349242366311,0.470201064954495;0.670294153646867,0.662805335685847,0.333758647188656;-0.556413425746012,0.151287724905656,0.817016599551354"
T3="886.856758201910111;-157.322989536518719;319.836016226759398"
RGND="-0.436666673583154,0.813027813187574,-0.385107765651713;0.899398828351758,0.404099532647481,-0.166689277620285;0.020098849253336,-0.419153125596742,-0.907693061315978"
TGND="-167.343933998123902;130.272880405469095;2075.098954629257150"
