[General]
CamNum=4
P0="659.241022337865616,0.000000000000000,382.719957070908322,0.000000000000000;0.000000000000000,657.911671589678235,216.616154287119542,0.000000000000000;0.000000000000000,0.000000000000000,1.000000000000000,0.000000000000000"
R0="1.000000000000000,0.000000000000000,0.000000000000000;0.000000000000000,1.000000000000000,0.000000000000000;0.000000000000000,0.000000000000000,1.000000000000000"
T0="0.000000000000000,0.000000000000000,0.000000000000000"
P1="680.830760781061258,245.268132425176105,305.752672342222581,214228.855501877085771;-204.777579636562166,594.322754052060873,272.780843370840273,-1059.038398289628958;0.208952751634501,-0.028756040812165,0.977502858154993,-33.196884846335038"
R1="0.901254031882433,0.393641370315885,-0.181073580600515;-0.379578605298072,0.918814215003578,0.108168945207619;0.208952751634501,-0.028756040812165,0.977502858154993"
T1="-349.181639333193914,-8.885414183480270,33.196884846335038"
P2="583.710556235377112,465.709825222897393,159.559676340014505,586043.715075751184486;-344.507679993046281,482.120269398088681,341.047262197673376,-194174.910666660580318;0.389214853360749,0.038879675961358,0.920326120850924,140.988083154039572"
R2="0.657940762252513,0.687520344210302,-0.307294207012646;-0.644690430586614,0.725123539194590,0.242012606316198;0.389214853360749,0.038879675961358,0.920326120850924"
T2="-810.067400296670598,339.580484884634018,-140.988083154039572"
P3="491.071812870399810,564.658029190915954,27.107444425896659,838763.231198354042135;-393.991809739553844,468.663169117270741,326.798412722493254,-240891.935913990833797;0.420833523195432,0.220886485546952,0.879834249309287,191.018488187556812"
R3="0.518175912424609,0.737557399352237,-0.433015942482133;-0.744575630502264,0.638136539592807,0.195930822737705;0.420833523195432,0.220886485546952,0.879834249309287"
T3="-1169.473506627922916,432.499877132397955,-191.018488187556812"
RGND="-0.443052,0.819334,-0.363863;0.896496,0.4045,-0.180764;-0.000923635,-0.40629,-0.913744"
TGND="-86.2248,-42.0638,2230.34"
