[General]
CamNum=4
P0="658.708969823163557,0.000000000000000,360.388681119925479,0.000000000000000;0.000000000000000,659.395023180800763,196.771020715248767,0.000000000000000;0.000000000000000,0.000000000000000,1.000000000000000,0.000000000000000"
R0="1.000000000000000,0.000000000000000,0.000000000000000;0.000000000000000,1.000000000000000,0.000000000000000;0.000000000000000,0.000000000000000,1.000000000000000"
T0="0.000000000000000;0.000000000000000;0.000000000000000"
P1="648.691821700363107,300.728192539007694,258.093788669144317,195367.667469764273847;-243.876939425640586,586.591992183797288,269.146666366967224,-6973.882796629195582;0.203076236965432,0.018490128342113,0.978988333502423,-68.457960924664548"
R1="0.872773277918373,-0.443877063308726,0.203076236965432;0.449824008367302,0.892925795713320,0.018490128342113;-0.189539354351524,0.075210876993661,0.978988333502423"
T1="340.319081392144767;12.902930418467191;-68.457960924664548"
P2="569.164140480753531,465.798326184219718,132.294746739772734,546723.425100785330869;-328.409455027607805,485.334978723824179,337.549795996788419,-218331.029310285870451;0.389389576008930,0.079576929247563,0.917629157354492,66.104148240524040"
R2="0.654597857914425,-0.647979476919935,0.389389576008930;0.676965610273885,0.731700126307243,0.079576929247563;-0.336480618937188,0.211512464532312,0.917629157354492"
T2="810.704379508986449;-364.303990369692201;66.104148240524040"
P3="510.755579673127784,562.256263637839311,-5.369747906001862,847324.504261995665729;-384.314387130465434,498.561154135211950,306.809670786350125,-225863.878099598106928;0.444779201042627,0.262351001210706,0.856354724681088,194.045671350235438"
R3="0.521799209484571,-0.727940277290080,0.444779201042627;0.701205759360553,0.662934714133549,0.262351001210706;-0.485835433064394,0.174987192375643,0.856354724681088"
T3="1169.033933165091867;-405.233670608606303;194.045671350235438"
RGND="-0.497955,0.772064000000000,-0.394916000000000;0.866079000000000,0.419573000000000,-0.271781000000000;-0.044136000000000,-0.477363000000000,-0.877597000000000"
TGND="-173.147999999999996,126.284999999999997,2205.289999999999964"
