[General]
CamNum=4
P0="628.051625078922712,0.000000000000000,330.457246473005512,0.000000000000000;0.000000000000000,625.878306512063773,238.640958574596141,0.000000000000000;0.000000000000000,0.000000000000000,1.000000000000000,0.000000000000000"
R0="1.000000000000000,0.000000000000000,0.000000000000000;0.000000000000000,1.000000000000000,0.000000000000000;0.000000000000000,0.000000000000000,1.000000000000000"
T0="0.000000000000000;0.000000000000000;0.000000000000000"
P1="637.480238231022895,242.674965425930253,294.568680143883455,147275.678177774127107;-181.944248450436959,596.968233587417558,228.400540240990182,610.137470025596485;0.156810562449683,0.067077879271707,0.985348164669029,-23.830811617221716"
R1="0.922501748344165,-0.352705219420087,0.156810562449683;0.346350696182153,0.935703881239438,0.067077879271707;-0.170386970030269,-0.007568013430206,0.985348164669029"
T1="252.377441698267603;10.060248341832748;-23.830811617221716"
P2="439.719497648546394,588.429355611871074,96.447700986412258,416177.387056740350090;-417.911427537707596,421.978679408424057,295.007122905988808,-128738.123603837419068;0.347739665100106,0.269908343507070,0.897901225871385,101.841703604640600"
R2="0.482166026362319,-0.804110097149661,0.347739665100106;0.769848699479981,0.578344591065095,0.269908343507070;-0.418149378728408,0.137566295464081,0.897901225871385"
T2="601.275578272258713;-245.721134928550299;101.841703604640600"
P3="515.281802836880161,548.881987642467948,-30.290177617246798,703757.441689248546027;-351.568119373238858,512.489959281910387,263.146728959110419,-23221.536714066183777;0.464289591792811,0.344950944290286,0.815747522819472,326.069658111099557"
R3="0.515298743977122,-0.720348790106894,0.464289591792811;0.643895107832084,0.682940653456176,0.344950944290286;-0.565567232577621,0.121201008446240,0.815747522819472"
T3="899.368652096353912;-153.721891168765325;326.069658111099557"
RGND="-0.534854020435294,0.771237457506854,-0.345143391885989;0.838502537905711,0.534819472889132,-0.104315029330736;0.104137748918842,-0.345196922867157,-0.932734910729282"
TGND="68.128102641242350;152.885304402266883;2092.916854915969452"
