[General]
CamNum=4
P0="537.861968622673771,0.000000000000000,375.798788862514471,0.000000000000000;0.000000000000000,536.914854083630303,226.055191195104214,0.000000000000000;0.000000000000000,0.000000000000000,1.000000000000000,0.000000000000000"
R0="1.000000000000000,0.000000000000000,0.000000000000000;0.000000000000000,1.000000000000000,0.000000000000000;0.000000000000000,0.000000000000000,1.000000000000000"
T0="0.000000000000000,0.000000000000000,0.000000000000000"
P1="639.041761882718447,-6.916402881228160,259.873042912134508,186737.027602810267126;58.888860462321219,526.342425726510555,238.425571392728898,13855.184008879317844;0.287157498649343,-0.044048399297749,0.956870058831793,56.152719392112324"
R1="0.957841251582950,0.022573224466277,-0.286409822288277;-0.008983748408118,0.998774342910600,0.048673444587768;0.287157498649343,-0.044048399297749,0.956870058831793"
T1="-302.228975138692761,-2.602002424867843,-56.152719392112324"
P2="635.591798333402153,-2.895482511890785,155.128131514397410,375231.233417094917968;83.875818725281889,526.845391205800638,209.446539295088968,27508.043408619585534;0.376800986046261,-0.010775179233984,0.926231565229258,93.417654098301156"
R2="0.926292279322620,0.002326382674441,-0.376798621561913;0.001905303616578,0.999939239882168,0.010857548618408;0.376800986046261,-0.010775179233984,0.926231565229258"
T2="-640.095260470615585,-13.156975837593997,-93.417654098301156"
P3="636.663335279360808,1.255774024978116,117.545491609257695,538192.158925891271792;105.238137632343836,539.010052090333488,220.988899506219042,39795.244459306428325;0.437333919751870,-0.001774726517071,0.899297444108597,119.385602830601670"
R3="0.899295530828346,0.003717793010596,-0.437325652400238;-0.002567268320244,0.999991514144455,0.003221920615394;0.437333919751870,-0.001774726517071,0.899297444108597"
T3="-944.706248331286133,-19.814265418481259,-119.385602830601670"
