[General]
CamNum=4
P0="651.342187540851569,0.000000000000000,333.228659663411804,0.000000000000000;0.000000000000000,652.665152992880735,243.652436932236583,0.000000000000000;0.000000000000000,0.000000000000000,1.000000000000000,0.000000000000000"
R0="1.000000000000000,0.000000000000000,0.000000000000000;0.000000000000000,1.000000000000000,0.000000000000000;0.000000000000000,0.000000000000000,1.000000000000000"
T0="0.000000000000000;0.000000000000000;0.000000000000000"
P1="702.687778608009808,279.746176848453615,285.805881618954174,172371.419953987322515;-213.317170664983820,637.767591802578977,232.077146541463037,6003.931314545960049;0.204381900413609,0.052461018365505,0.977484465521256,21.488397749951389"
R1="0.902049903974454,-0.380176287428609,0.204381900413609;0.377722782953334,0.924431360778096,0.052461018365505;-0.208881473514688,0.029877243630514,0.977484465521256"
T1="239.718168591993788;1.988102460064104;21.488397749951389"
P2="431.960124474179565,597.397982659686363,100.024290314358666,406486.666065288241953;-433.480126246818429,406.937185740503935,304.416325322781461,-143463.282175605301745;0.354279788451843,0.245977558430635,0.902208885038837,68.346686669778251"
R2="0.463701548291650,-0.812075554124396,0.354279788451843;0.791610956704799,0.559327394263339,0.245977558430635;-0.397910752979661,0.166391587588252,0.902208885038837"
T2="599.640309837293330;-251.601021601201438;68.346686669778251"
P3="497.928648281870778,561.741340838437736,-29.291188001322780,693252.461494620656595;-373.819210955700783,497.513634304498396,277.158233476990176,-47386.971127190023253;0.458578772940747,0.326244119047433,0.826601647587956,276.763211631353897"
R3="0.497606066063304,-0.736270135225627,0.458578772940747;0.676398910770586,0.660340282199510,0.326244119047433;-0.543021837982016,0.147841129864152,0.826601647587956"
T3="910.504622646212397;-167.930341124015484;276.763211631353897"
RGND="-0.525346297004190,0.736812032903211,-0.425581127862859;0.849029172651845,0.420873457885171,-0.319397865418515;-0.056220389629650,-0.529125278754301,-0.846679223303060"
TGND="-170.630089113106862;96.082827433972298;2162.414221899096447"
