[General]
CamNum=4
P0="546.431413703153112,0.000000000000000,372.296041268740737,0.000000000000000;0.000000000000000,546.622512679775696,226.526362964452233,0.000000000000000;0.000000000000000,0.000000000000000,1.000000000000000,0.000000000000000"
R0="1.000000000000000,0.000000000000000,0.000000000000000;0.000000000000000,1.000000000000000,0.000000000000000;0.000000000000000,0.000000000000000,1.000000000000000"
T0="0.000000000000000,0.000000000000000,0.000000000000000"
P1="643.232235900121736,-6.487718062852126,263.683634758974449,180872.359687709307764;54.884369298541003,538.165705303730761,238.355588618632055,9154.958520873899033;0.270716354896325,-0.042578484902190,0.961717072644071,36.326199719253992"
R1="0.962616103252610,0.021421728668851,-0.270021012700119;-0.009104556573856,0.998863445203734,0.046785947519756;0.270716354896325,-0.042578484902190,0.961717072644071"
T1="-301.772043804528778,-2.043996244699291,-36.326199719253992"
P2="655.739089589725836,0.289062742697746,83.579966163792406,455189.059841023059562;102.658013263554110,537.340106473911646,197.136701054564014,59452.407336417454644;0.469730300901719,-0.004427550259817,0.882798867927161,245.847668531340247"
R2="0.882809210409049,0.003668254576612,-0.469717406453404;-0.001158633562518,0.999983470216912,0.005631772474972;0.469730300901719,-0.004427550259817,0.882798867927161"
T2="-669.570756910803425,-10.025152716655699,-245.847668531340247"
P3="645.888483191623550,10.786049414394411,-29.171475837589902,654261.360317323124036;133.225363339128791,542.531200437933535,202.958360478881474,93028.236993464641273;0.581490414974886,0.003241463256754,0.813546796569374,372.603763653548810"
R3="0.813388965012793,0.017779221023600,-0.581448442164232;-0.016348972070221,0.999836682771616,0.007701876167405;0.581490414974886,0.003241463256754,0.813546796569374"
T3="-964.309172351222173,-3.663058495924552,-372.603763653548810"
