[General]
CamNum=4
P0="675.672840231708506,0.000000000000000,381.992232639228803,0.000000000000000;0.000000000000000,673.416692523875554,197.721068961074536,0.000000000000000;0.000000000000000,0.000000000000000,1.000000000000000,0.000000000000000"
R0="1.000000000000000,0.000000000000000,0.000000000000000;0.000000000000000,1.000000000000000,0.000000000000000;0.000000000000000,0.000000000000000,1.000000000000000"
T0="0.000000000000000,0.000000000000000,0.000000000000000"
P1="689.977973813426843,302.023070086091536,272.534346265848058,213305.492878377699526;-241.391941339055478,593.239708728517485,257.416027016972407,777.285317584904988;0.256462359057049,0.001468200655891,0.966553103959491,-36.269225785374076"
R1="0.862675264752947,-0.435911052819639,0.256462359057049;0.450646710752929,0.892701174231557,0.001468200655891;-0.229584253970083,0.114307338151465,0.966553103959491"
T1="342.862156546518236,11.422951648271418,-36.269225785374076"
P2="595.858056631979252,468.810797047554843,142.625730570479732,583861.239697420853190;-345.630400824501294,492.030694243319260,331.943795786243527,-197931.141737400292186;0.406079858608644,0.042832056525221,0.912833261535865,143.306392703082167"
R2="0.657179812220878,-0.634991214775225,0.406079858608644;0.680410966152368,0.731577974021513,0.042832056525221;-0.324277059856125,0.248152826066646,0.912833261535865"
T2="794.272464329224590,-338.863070551635246,143.306392703082167"
P3="505.371605164391497,554.435733285442325,15.632755438127731,833835.989156684605405;-388.396767996966844,485.230982952448585,306.015634643142505,-225707.290350860479521;0.422360740221633,0.233678608955401,0.875788623376727,178.608319049875888"
R3="0.537318947761560,-0.729999831161518,0.422360740221633;0.713590333018066,0.660441628260843,0.233678608955401;-0.449529960068931,0.175832596990211,0.875788623376727"
T3="1166.578366135492388,-402.137712183501435,178.608319049875888"
RGND="-0.497955,0.772064000000000,-0.394916000000000;0.866079000000000,0.419573000000000,-0.271781000000000;-0.044136000000000,-0.477363000000000,-0.877597000000000"
TGND="-173.147999999999996,126.284999999999997,2205.289999999999964"
