[General]
CamNum=4
P0="531.691574228029936,0.000000000000000,372.545296371489883,0.000000000000000;0.000000000000000,532.270450929914432,226.158838002732750,0.000000000000000;0.000000000000000,0.000000000000000,1.000000000000000,0.000000000000000"
R0="1.000000000000000,0.000000000000000,0.000000000000000;0.000000000000000,1.000000000000000,0.000000000000000;0.000000000000000,0.000000000000000,1.000000000000000"
T0="0.000000000000000,0.000000000000000,0.000000000000000"
P1="630.797663377442973,-6.580206091138558,266.778529332996527,175993.197305458452320;53.596882763583096,526.269819595176045,237.723918629743281,9420.251755960700393;0.266834205387453,-0.043292117189495,0.962769598307143,36.935254971652235"
R1="0.963693489584128,0.022055257822388,-0.266098522610620;-0.009714163289410,0.998818981693700,0.047605428681482;0.266834205387453,-0.043292117189495,0.962769598307143"
T1="-298.604184441921177,-2.386146170667604,-36.935254971652235"
P2="656.536130286665980,-0.354961889609410,78.194228743872955,454869.628151311306283;103.832871990595379,537.730802450479473,195.815793672325498,60121.224541322990262;0.474633575575808,-0.005022451532640,0.880169156422063,248.985558740359039"
R2="0.880183473421983,0.002877033364453,-0.474624879029569;-0.000148495578277,0.999983248689508,0.005786215467914;0.474633575575808,-0.005022451532640,0.880169156422063"
T2="-666.000973106836796,-10.411457289863415,-248.985558740359039"
P3="642.049252859368835,11.476639997578568,-26.301936245189122,646650.975901299738325;132.848936176154609,537.451993460591439,203.188652276068041,93848.179340861883247;0.580325393992770,0.004883619137823,0.814370055534493,374.509033305726120"
R3="0.814194418228066,0.018136205670732,-0.580308993011594;-0.017603590923381,0.999823598595265,0.006548685258634;0.580325393992770,0.004883619137823,0.814370055534493"
T3="-957.055730979200121,-3.769757658293936,-374.509033305726120"
