[General]
CamNum=4
RGND="0.000000000000000,0.000000000000000,0.000000000000000;0.000000000000000,0.000000000000000,0.000000000000000;0.000000000000000,0.000000000000000,0.000000000000000"
TGND="0.000000000000000;0.000000000000000;0.000000000000000"
I0="663.848676258815317,0.000000000000000,335.527708620738395;0.000000000000000,664.512408638509555,224.001632809125738;0.000000000000000,0.000000000000000,1.000000000000000"
K0="0.099608070591889,-0.886949058720937,-0.000247009002038,-0.003029085573149,1.920496405328322"
P0="663.848676258815317,0.000000000000000,335.527708620738395,0.000000000000000;0.000000000000000,664.512408638509555,224.001632809125738,0.000000000000000;0.000000000000000,0.000000000000000,1.000000000000000,0.000000000000000"
R0="1.000000000000000,0.000000000000000,0.000000000000000;0.000000000000000,1.000000000000000,0.000000000000000;0.000000000000000,0.000000000000000,1.000000000000000"
T0="0.000000000000000;0.000000000000000;0.000000000000000"
ERR0=0.273906163724213
I1="670.171249374631884,0.000000000000000,426.028088517689241;0.000000000000000,669.022353280732545,211.533834368873784;0.000000000000000,0.000000000000000,1.000000000000000"
K1="0.042098808181921,-0.334636359826534,0.002917183857461,-0.003039614388068,0.424924994660603"
P1="689.478504743235248,274.286299354988330,282.870735809785174,159953.289554992137710;-209.623406470509678,634.366752468409800,214.416237944961409,-583.063916076605096;0.190077216063352,0.065160056705317,0.979604419622414,-3.780715170612375"
R1="0.907977285329416,-0.373427236900885,0.190077216063352;0.367855656564144,0.927597101625443,0.065160056705317;-0.200647614637170,0.010757127713664,0.979604419622414"
T1="241.078650513761744;0.323883439106371;-3.780715170612375"
ERR1=0.310304736610680
I2="660.218447704723303,0.000000000000000,385.017456064960299;0.000000000000000,660.842991454366370,228.806696965094773;0.000000000000000,0.000000000000000,1.000000000000000"
K2="0.044447077888275,-0.334525543793228,0.004747079804293,-0.002136253074302,0.435319026153979"
P2="438.713804270130254,620.248250158177711,83.361539590608345,423270.492246921348851;-465.230905606307260,431.605805575846773,293.841108411318373,-147431.623967910680221;0.328109553350649,0.266881394795167,0.906155859724046,75.574097844103207"
R2="0.473155362160018,-0.817598999668701,0.328109553350649;0.783822772996066,0.560710425839349,0.266881394795167;-0.402176408795917,0.130903376945728,0.906155859724046"
T2="597.034431135542377;-249.262662692718578;75.574097844103207"
ERR2=0.272883747518189
I3="651.256027863085023,0.000000000000000,400.540046447536838;0.000000000000000,653.172781641872234,221.719432096080453;0.000000000000000,0.000000000000000,1.000000000000000"
K3="0.072721179033283,0.014240891267798,0.005396641173678,0.002288534662197,-0.797092351084082"
P3="506.487640019380251,571.053386556201303,-43.989121910883910,701584.587655756506138;-380.693314339612073,513.180925955130306,259.830958316644114,-47623.831115663764649;0.456881549863409,0.358878540379088,0.813919801116660,281.280922473586259"
R3="0.496714454801292,-0.737925470346338,0.456881549863409;0.656129296378000,0.663852799715333,0.358878540379088;-0.568127711721551,0.121513211315686,0.813919801116660"
T3="904.283858739485368;-168.392316087468117;281.280922473586259"
ERR3=0.248268481230992
RMS0TO1=0.314296722412109
RMS1TO2=0.334834963083267
RMS2TO3=0.285024166107178
